dim 150 150 150
putbox 15 148 30 100 10 100 0.898 0.898 0.878 1
putbox 15 66 30 31 15 17 0.392 0.392 0.392 1
putbox 15 66 30 31 37 39 0.392 0.392 0.392 1
putbox 15 66 30 31 59 61 0.392 0.392 0.392 1
putbox 15 66 30 31 81 83 0.392 0.392 0.392 1
cutbox 67 87 30 35 10 100
putbox 87 107 30 31 15 17 0.392 0.392 0.392 1
putbox 87 107 30 31 37 39 0.392 0.392 0.392 1
putbox 87 107 30 31 59 61 0.392 0.392 0.392 1
putbox 87 107 30 31 81 83 0.392 0.392 0.392 1
cutbox 108 148 30 35 10 100
putbox 88 140 36 37 37 39 0.392 0.392 0.392 1
putbox 88 140 36 37 59 61 0.392 0.392 0.392 1
putbox 88 140 36 37 81 83 0.392 0.392 0.392 1
putvoxel 145 36 35 0.254 0.294 0.337 1
putvoxel 145 36 60 0.254 0.294 0.337 1
putvoxel 145 36 85 0.254 0.294 0.337 1
putvoxel 135 36 90 0.254 0.294 0.337 1
putvoxel 125 36 90 0.254 0.294 0.337 1
putvoxel 115 36 90 0.254 0.294 0.337 1
putellipsoid 140 140 140 5 5 7 0.976 0.843 0.109 1
